
&millergeo_parameters
  betadbprim = 0.0
  betaprim = 0.058
  d2psidr2 = 0.0
  d2qdr2 = 0.0
  kappa = 1.5504
  kapprim = 0.94963
  nzed_local = 128
  qinp = 5.0848
  rgeo = 3.1191
  rhoc = 0.97427 
  rmaj = 3.134
  shat = 3.3594
  shift = -0.34508
  tri = 0.26253
  triprim = 0.7368
/ 
